x<-1
x=-1
x=0
y=\pm2
x>0
y-1
y+1
2
4
8
x\ge3
y-1
y+1
x
2
4
2
x-1
y-1
2^{x-1}
m
y+1
y=2^{x-1}m+1\ ,
y=2^{x-1}m-1\ .
