a
|a|
\frac{2-x}{x+3}
x \neq -3
\arccos
\frac{|2-x|}{|3+x|} \le 1
|2-x|\le |x+3|
x \ge 2
|2-x|=x-2
x-2 \le x+3
-3 <x<2
|2-x|=2-x
|x+3|=x+3
2-x\le x+3
x \ge -1/2
x=-3
x<-3
|2-x|=2-x
|x+3|=-(3+x)
2-x \le -(3+x)
\arccos
x\ge -1/2
x^2-4x+5
x^2-4x+5\ne 9
-1
5
-1
x\ge -1/2
x=5
