 \frac{2-x}{3+x} < 4 
 3+x > 0
 x > -2
3+x < 0 
 x < -2
\{x:\frac{2-x}{3+x} < 4 \} = (-\infty,-3) \cup (-2,-\infty) 
(-\infty,-3)
(-\infty,-2)
x
-2
x
-3
-2.5
(-\infty,-3)
 x < -2
x+3<0
x<-2
x+3<0
x=-3
x=-2.5
(-3)+3<0
(-2.5)+3<0
-2.5+3=0.5 \ge 0
