C
P
L
P
   C ~=~   \begin{bmatrix}     88.53 & -33.60 & -5.33 \\     -33.60 & 15.44 & 2.67 \\     -5.33 & 2.67 & 0.48   \end{bmatrix} 
   C^{-1} ~=~   P^{\rm t} L P 
C
P
P
   P ~=~   \begin{bmatrix}     0.93 & 0.36 & -0.03 \\     -0.36 & 0.90 & -0.23 \\     -0.06 & 0.23 & 0.97   \end{bmatrix} 
C=\left(\begin{matrix} 88.53 & -33.60 &-5.33\\ -33.60 & 15.44 & 2.67\\ -5.33 & 2.67 & 0.48 \end{matrix}\right)
C = P J P^{-1}
\lambda_1 = 101.976, v_1 = (0.929997, -0.362899, -0.0583849)
\lambda_2 = 2.47102 , v_2 = (0.366307, 0.901908, 0.228868)
\lambda_3 = 0.00312608 , v_3 = (-0.0303981, -0.234233, 0.971705)
C
C=\left(\begin{matrix} 88.53 & -33.60 &-5.33\\ -33.60 & 15.44 & 2.67\\ -5.33 & 2.67 & 0.48 \end{matrix}\right) = P J P^{-1}
P = \left(\begin{matrix} 0.929997 & 0.366307 & -0.0303981 \\ -0.362899 & 0.901908 & -0.234233 \\ -0.0583849 & 0.228868 & 0.971705 \end{matrix}\right)
J = \left(\begin{matrix} 101.976 & 0 & 0 \\ 0 & 2.47102 & 0 \\ 0 & 0 & 0.00312608 \end{matrix}\right)
P^{-1} = \left(\begin{matrix} 0.929997 & -0.362899 & -0.0583849 \\ 0.366307 & 0.901908 & 0.228868 \\ -0.0303981 & -0.234233 & 0.971705 \end{matrix}\right)
P
[v_1 | v_2 | v_3]
J
\lambda_1, \lambda_2, \lambda_3
P^{-1}
P
P
i
\vec v_i
\lambda_i
\vec v_1,\vec v_2,\vec v_3
