63(28)+7=1771
23
77
6(-23)+23(7)=23 \not=7
t<-1.2
t<-4.7
