x
a = 10
b = 4
c = -46
a|x+b|+c = 0
10|x+4|-46 = 0
10|x+4| = 46
|x+4| = +4.6
|x+4| = -4.6
x
x = 0.60
x = -8.60
|x + 4| = 4.6 \text{ or } -4.6
x = 0.6
x = -8.6
 |x + 4| = 4.6 
 x+4 = 4.6 \text{ or } x+4 = -4.6 
|x+4|=4.6
x \geq -4
x+4=4.6
x<-4
-(x+4)=4.6
x=0.6
