\sqrt{x^2+2}<x-1
x>1
x<-0.5
x<1
x
D = 4x^2 +8
y_1 = -x-\sqrt{x^2+2}
y_2 = -x+\sqrt{x^2+2}
-0.5<x<0.5
y^2 + 2xy - 2 = 0
x
x<1
x-1<0
x
x^2+2\geq 0
\sqrt{x^2+2}>0
\sqrt{x^2+2}<x-1
x
x
x\in \Bbb R
x<-1
x-1<0
0\leq \sqrt{x^2+2}<x-1<0
0<0
x\ge 1
\sqrt{x^2+2}<x-1 \iff x^2+2<x^2-2x+1\iff 2x<-1\iff x<-0.5
\sqrt{x^2+2}<x-1
\emptyset
x^2 + 2 > 0
x^2 > -2
x^2 > 0
x \in \mathbb{R}
x>0
x\geq1
x^2 +2 < (x-1)^2
x^2 + 2 < x^2 - 2x + 1
1 < -2x
x\geq1
x
0<x<1
0<x<1
\sqrt{x^2+2} > 0
x-1<0
\mathbb{R}
