x^2 + 5x + 6 \ge 0
−3 \ge x \ge −2
x^2 + 5x + 6 \ge 0
(x+3)(x+2) \ge 0
(x+3) \ge 0
(x+5) \ge 0
x \ge -3
x \ge -2
−3 \ge x \ge −2
−3 \ge x \ge −2
-3<-2
(x+3)(x+2) \ge 0
(x+3) \ge 0
(x+2) \ge 0
5
\ge0
-3\ge x
x\ge-2
−3 \ge x \ge −2
x^{2}+5x+6=0
x=-3,x=-2.
x^{2}+5x+6=(x+3)(x+2)
<
\le
-2\le x \le -3
-3
-2
y=x^2 + 5x +6
x=-2
x=-3
x
-3<x<-2
x
x<-3
-2<x
-3
-3
-2
-2
x=-10
x=-2.5
x=10
