y = \frac{4x^2 + 1}{x^2 - 1}
1
-1
x^2 - 1 = (x + 1)(x - 1)
-1
1
x\to\infty
x\to -\infty
x
 y = \frac{4x^2 + 1}{x^2 - 1} = 4+ \frac{5}{x^2 - 1} =4+ \frac{5}{(x - 1)(x+1)} 
x
-1
1
x<-1
x>1
-1<x<1
-\infty
\infty
x
0
\pm1
0
4
x
x^2
4
4x^2 + 1 = 4(x^2-1)
1=-4
4x^2
