y′=y^3−y+h
h=−1,0,1
y'=0
y' = 0
h = -1
y = 1.32471795
h = 0
y = -1, 0, 1
h = +1
y = -1.32471795
