1/\sqrt5 < 1/2
\cos \pi/3 = 1/2
[0.\pi]
x>0
x>\pi/3>1
x<0
x<-1
\cos x = 1/\sqrt5
|x|>1
\cos^{-1}x
