x^2 - 16 >0
4 < x
-4 > x > 4
-4 > x < 4
-4 < x < 4
(x-4)
(x+4)
x^2-16 > 0
(x-4)(x+4) > 0.
x-4
x+4
x+4
x-4
x-4
x-4
x>4
x-4
x+4
x+4
x-4
x+4
x-4
x+4
x<-4
x<-4
x>4
-4 > x < 4
-4 > x > 4
(-4)^2=4^2=16,
x^2-16>0
x
4
-4,
(x-4)(x+4)>0
x-4>0
x+4>0
x>4
x-4<0
x+4<0
x<-4
