V
T
V
f
f:V \to V
T(x,f(y))=T(f(x),y)
x,y\in V
v_1,\dots,v_n
A=(a_{ij})
f
A
T
T(v_i,v_j)=\delta_{ij}
T(v_i,v_j)=\delta_{ij}
T(A v_j,v_i)=T(v_j,A v_i)
a_{ij}=T(A v_j,v_i)=T(v_j,T v_i)=a_{ji}
T
T(x,f(y))=T(f(x),y)
x^T T A y=(A x)^T T y
T
TA
T^{-1}
T^{-1}
AT
A = \begin{pmatrix} 2 & 1 \\ 1 & 1 \end{pmatrix}
B = \begin{pmatrix} 1 & 1 \\ 2 & 1 \end{pmatrix}
AB = \begin{pmatrix} 4 & 3 \\ 3 & 2 \end{pmatrix}
n=3:
\left( \begin{array}{ccc}  1 & 1 & 0 \\  1 & 1 & 1 \\  0 & 1 & 1 \end{array} \right).\left( \begin{array}{ccc}  -383 & 13 & -13 \\  -36 & -445 & -36 \\  -13 & 13 & -383 \end{array} \right)=\left( \begin{array}{ccc}  -419 & -432 & -49 \\  -432 & -419 & -432 \\  -49 & -432 & -419 \end{array} \right)
n=4:
\left( \begin{array}{cccc}  1 & 1 & 0 & 0 \\  1 & 1 & 1 & 0 \\  0 & 1 & 1 & 1 \\  0 & 0 & 1 & 1 \end{array} \right).\left( \begin{array}{cccc}  -383 & 13 & -36 & -23 \\  85 & -360 & 49 & -49 \\  -49 & 49 & -360 & 85 \\  -23 & -36 & 13 & -383 \end{array} \right)=\left( \begin{array}{cccc}  -298 & -347 & 13 & -72 \\  -347 & -298 & -347 & 13 \\  13 & -347 & -298 & -347 \\  -72 & 13 & -347 & -298 \end{array} \right)
n=5:
\left( \begin{array}{ccccc}  1 & 1 & 0 & 0 & 0 \\  1 & 2 & 1 & 0 & 0 \\  0 & 1 & 3 & 1 & 0 \\  0 & 0 & 1 & 4 & 1 \\  0 & 0 & 0 & 1 & 5 \end{array} \right).\left( \begin{array}{ccccc}  -7526 & 3158 & -9379 & 7340 & -8405 \\  5216 & -3477 & 6079 & -6570 & 6359 \\  -3225 & 1486 & -3098 & 2500 & -3543 \\  1159 & -1300 & 905 & -1249 & 970 \\  -641 & 414 & -841 & 186 & -656 \end{array} \right)=
=\left( \begin{array}{ccccc}  -2310 & -319 & -3300 & 770 & -2046 \\  -319 & -2310 & -319 & -3300 & 770 \\  -3300 & -319 & -2310 & -319 & -3300 \\  770 & -3300 & -319 & -2310 & -319 \\  -2046 & 770 & -3300 & -319 & -2310 \end{array} \right)
