A=\pmatrix{0&1&0\\0&0&0\\0&0&0}
B = \pmatrix{0&0&0\\1&0&0\\0&0&0}
A
B = 2A
A
B = 2A
C = 3A
A
B = A
AB=BA
2
A=\begin{bmatrix} 1 & 1 & 1 \\ 1 & 1 & 1 \\ 1 & 1 & 1 \end{bmatrix}
B=\begin{bmatrix} 1 & 0 & 0 \\ 0 & 0 & 0 \\ 0 & 0 & 0 \\ \end{bmatrix} \quad \text{and} \quad C=\begin{bmatrix} 0 & 0 & 0 \\ 1 & 0 & 0 \\ 0 & 0 & 0 \\ \end{bmatrix}
BC
A=\left( \begin{array}{ccc}  1 & 2 & 3 \\  3 & 4 & 5 \\  5 & 6 & 7 \\ \end{array} \right)
B=\left( \begin{array}{ccc}  1 & 2 & 3 \\  4 & 5 & 6 \\  7 & 8 & 9 \\ \end{array} \right)
A\cdot B =\left( \begin{array}{ccc}  30 & 36 & 42 \\  54 & 66 & 78 \\  78 & 96 & 114 \\ \end{array} \right)
B\cdot A=\left( \begin{array}{ccc}  22 & 28 & 34 \\  49 & 64 & 79 \\  76 & 100 & 124 \\ \end{array} \right)
