\lvert x\rvert < 27
(-\infty, A)
(A, B)
(B, \infty)
A < B
A
B
A = -27
B = 27
-27
27
A
B
|\pm\infty| = \infty>27
|\pm27|=27 \nless 27
x>27
x<-27
(-27,27)
|x|
x
0
|x|<27
x
27
0
-27<x<27,
x\in (-27,27).
(A,B),
A=-27
B=27
|x|<27
A<B
