 \lvert x+12\rvert +\lvert x-5\rvert =15.
 \lvert x\rvert = \begin{cases} x & \text{if } x\geq 0  \\ -x & \text{if } x< 0\end{cases}. 
(-\infty, -12]
(-\infty, -12]
 -12 - x + 5 - x = 15 \Rightarrow x = -11\quad\text{not in the right interval}. 
(-12, 5]
 x + 12 + 5 - x = 15. 
(5, \infty)
x
15
-12
5
|a+ib|=+\sqrt{a^2+b^2}
a,b
x
x<-12, -12-x+5-x=-7-2x=15\implies 2x=-22,x=-11
-12\le x\le 5, x+12+(5-x)=17\ne 15
x>5, x+12+x-5=15,2x=8,x=4
x>5
x,x=a+ib
a,b
\sqrt{(a+12)^2+b^2}+\sqrt{(a-5)^2+b^2}=15
(-12,0);(5,0)
\sqrt{(-12-5)^2+(0-0)^2}=17>15=
(a,b)
