 f := (x,y) \to x^2 + y^2 
 M := \begin{bmatrix}  2 &   5 &  10 &  17 &  26 \\  5 &   8 &  13 &  20 &  29 \\ 10 &  13 &  18 &  25 &  34 \\ 17 &  20 &  25 &  32 &  41 \\ 26 &  29 &  34 &  41 &  50 \end{bmatrix}
[2, 5, 10, 17, 26, 5, 8, 13, 20, 29, 10, 13, 18, 25, 34, 17, 20, 25, 32, 41, 26, 29, 34, 41, 50]
