t
x^2=2t+4
t
x
x
x
2t+4<0
t<-2
