y=2^x
\begin{array}{c|c|c} \text{x} & \text{Obtained y} & \text{Expected y} & \text{Diffrence} & \text{Chi-Term} \\  \hline \\1 & 1.01 & 1 & 0.99  & 0.49005  \\2 & 3.99 & 4 & 0.01  & 0.000025  \\3 & 8.86 & 9 & -0.86 & 0.09245  \\4 & 16.02 & 16 & -0.02 & 0.000025  \end{array}
df = 3
y=2^x
